pm (mean of MCMC samples):
[-0.9878 -2.9466  3.7702 -2.8969 -0.0735 -0.3777 -1.7236  2.9157  0.918
 -0.7218  0.8266 -4.2465  2.5238  1.2195  3.7323]

pv (variance of MCMC samples):
[3.5066 4.4335 6.6136 5.0193 5.5669 4.1095 3.3565 5.518  4.3297 4.6158
 5.3912 4.1265 5.6518 4.8323 6.9209]

ps (std dev of MCMC samples):
[1.8726 2.1056 2.5717 2.2404 2.3594 2.0272 1.8321 2.349  2.0808 2.1485
 2.3219 2.0314 2.3773 2.1982 2.6308]

qm (mean of true samples):
[-0.9318 -2.9124  3.7694 -2.9181 -0.0566 -0.3438 -1.7111  2.938   0.8983
 -0.7106  0.8276 -4.2538  2.553   1.2255  3.7959]

qv (variance of true samples):
[3.5591 4.465  6.6732 4.9987 5.7674 4.1638 3.3837 5.4486 4.2668 4.5815
 5.5386 4.0111 5.6058 4.8258 7.0614]

qs (std dev of true samples):
[1.8866 2.1131 2.5833 2.2358 2.4015 2.0405 1.8395 2.3342 2.0656 2.1404
 2.3534 2.0028 2.3677 2.1968 2.6573]
